x	VE	analog 4.1
x	HN	[my organisation]
x	PS	2000	08	24	10	27
x	FR	1999	12	31	10	11
x	LR	2000	01	04	13	11
x	SR	46
x	PR	46
x	NF	2
x	NH	2
x	BT	56764
m	RP	14	14	1999	12
m	RP	32	32	2000	01
W	RP	24	24	1999	12	26
W	RP	22	22	2000	01	02
D	RP	14	14	1999	12	31
D	RP	10	10	2000	01	01
D	RP	11	11	2000	01	02
D	RP	10	10	2000	01	03
D	RP	1	1	2000	01	04
d	RP	11	11	Sun
d	RP	10	10	Mon
d	RP	1	1	Tue
d	RP	0	0	Wed
d	RP	0	0	Thu
d	RP	14	14	Fri
d	RP	10	10	Sat
H	RP	0	0	2000	01	01	14
H	RP	0	0	2000	01	01	15
H	RP	0	0	2000	01	01	16
H	RP	0	0	2000	01	01	17
H	RP	0	0	2000	01	01	18
H	RP	0	0	2000	01	01	19
H	RP	0	0	2000	01	01	20
H	RP	0	0	2000	01	01	21
H	RP	0	0	2000	01	01	22
H	RP	0	0	2000	01	01	23
H	RP	0	0	2000	01	02	00
H	RP	0	0	2000	01	02	01
H	RP	0	0	2000	01	02	02
H	RP	0	0	2000	01	02	03
H	RP	0	0	2000	01	02	04
H	RP	0	0	2000	01	02	05
H	RP	0	0	2000	01	02	06
H	RP	0	0	2000	01	02	07
H	RP	0	0	2000	01	02	08
H	RP	0	0	2000	01	02	09
H	RP	1	1	2000	01	02	10
H	RP	1	1	2000	01	02	11
H	RP	1	1	2000	01	02	12
H	RP	0	0	2000	01	02	13
H	RP	1	1	2000	01	02	14
H	RP	1	1	2000	01	02	15
H	RP	0	0	2000	01	02	16
H	RP	1	1	2000	01	02	17
H	RP	1	1	2000	01	02	18
H	RP	0	0	2000	01	02	19
H	RP	1	1	2000	01	02	20
H	RP	1	1	2000	01	02	21
H	RP	1	1	2000	01	02	22
H	RP	1	1	2000	01	02	23
H	RP	0	0	2000	01	03	00
H	RP	0	0	2000	01	03	01
H	RP	1	1	2000	01	03	02
H	RP	1	1	2000	01	03	03
H	RP	1	1	2000	01	03	04
H	RP	1	1	2000	01	03	05
H	RP	1	1	2000	01	03	06
H	RP	1	1	2000	01	03	07
H	RP	1	1	2000	01	03	08
H	RP	1	1	2000	01	03	09
H	RP	1	1	2000	01	03	10
H	RP	0	0	2000	01	03	11
H	RP	1	1	2000	01	03	12
H	RP	0	0	2000	01	03	13
H	RP	0	0	2000	01	03	14
H	RP	0	0	2000	01	03	15
H	RP	0	0	2000	01	03	16
H	RP	0	0	2000	01	03	17
H	RP	0	0	2000	01	03	18
H	RP	0	0	2000	01	03	19
H	RP	0	0	2000	01	03	20
H	RP	0	0	2000	01	03	21
H	RP	0	0	2000	01	03	22
H	RP	0	0	2000	01	03	23
H	RP	0	0	2000	01	04	00
H	RP	0	0	2000	01	04	01
H	RP	0	0	2000	01	04	02
H	RP	0	0	2000	01	04	03
H	RP	0	0	2000	01	04	04
H	RP	0	0	2000	01	04	05
H	RP	0	0	2000	01	04	06
H	RP	0	0	2000	01	04	07
H	RP	0	0	2000	01	04	08
H	RP	0	0	2000	01	04	09
H	RP	0	0	2000	01	04	10
H	RP	0	0	2000	01	04	11
H	RP	0	0	2000	01	04	12
H	RP	1	1	2000	01	04	13
h	RP	0	0	0
h	RP	0	0	1
h	RP	2	2	2
h	RP	2	2	3
h	RP	2	2	4
h	RP	2	2	5
h	RP	2	2	6
h	RP	2	2	7
h	RP	2	2	8
h	RP	2	2	9
h	RP	6	6	10
h	RP	3	3	11
h	RP	4	4	12
h	RP	1	1	13
h	RP	2	2	14
h	RP	2	2	15
h	RP	0	0	16
h	RP	2	2	17
h	RP	2	2	18
h	RP	0	0	19
h	RP	2	2	20
h	RP	2	2	21
h	RP	2	2	22
h	RP	2	2	23
4	RP	0	0	2000	01	03	13	15
4	RP	0	0	2000	01	03	13	30
4	RP	0	0	2000	01	03	13	45
4	RP	0	0	2000	01	03	14	00
4	RP	0	0	2000	01	03	14	15
4	RP	0	0	2000	01	03	14	30
4	RP	0	0	2000	01	03	14	45
4	RP	0	0	2000	01	03	15	00
4	RP	0	0	2000	01	03	15	15
4	RP	0	0	2000	01	03	15	30
4	RP	0	0	2000	01	03	15	45
4	RP	0	0	2000	01	03	16	00
4	RP	0	0	2000	01	03	16	15
4	RP	0	0	2000	01	03	16	30
4	RP	0	0	2000	01	03	16	45
4	RP	0	0	2000	01	03	17	00
4	RP	0	0	2000	01	03	17	15
4	RP	0	0	2000	01	03	17	30
4	RP	0	0	2000	01	03	17	45
4	RP	0	0	2000	01	03	18	00
4	RP	0	0	2000	01	03	18	15
4	RP	0	0	2000	01	03	18	30
4	RP	0	0	2000	01	03	18	45
4	RP	0	0	2000	01	03	19	00
4	RP	0	0	2000	01	03	19	15
4	RP	0	0	2000	01	03	19	30
4	RP	0	0	2000	01	03	19	45
4	RP	0	0	2000	01	03	20	00
4	RP	0	0	2000	01	03	20	15
4	RP	0	0	2000	01	03	20	30
4	RP	0	0	2000	01	03	20	45
4	RP	0	0	2000	01	03	21	00
4	RP	0	0	2000	01	03	21	15
4	RP	0	0	2000	01	03	21	30
4	RP	0	0	2000	01	03	21	45
4	RP	0	0	2000	01	03	22	00
4	RP	0	0	2000	01	03	22	15
4	RP	0	0	2000	01	03	22	30
4	RP	0	0	2000	01	03	22	45
4	RP	0	0	2000	01	03	23	00
4	RP	0	0	2000	01	03	23	15
4	RP	0	0	2000	01	03	23	30
4	RP	0	0	2000	01	03	23	45
4	RP	0	0	2000	01	04	00	00
4	RP	0	0	2000	01	04	00	15
4	RP	0	0	2000	01	04	00	30
4	RP	0	0	2000	01	04	00	45
4	RP	0	0	2000	01	04	01	00
4	RP	0	0	2000	01	04	01	15
4	RP	0	0	2000	01	04	01	30
4	RP	0	0	2000	01	04	01	45
4	RP	0	0	2000	01	04	02	00
4	RP	0	0	2000	01	04	02	15
4	RP	0	0	2000	01	04	02	30
4	RP	0	0	2000	01	04	02	45
4	RP	0	0	2000	01	04	03	00
4	RP	0	0	2000	01	04	03	15
4	RP	0	0	2000	01	04	03	30
4	RP	0	0	2000	01	04	03	45
4	RP	0	0	2000	01	04	04	00
4	RP	0	0	2000	01	04	04	15
4	RP	0	0	2000	01	04	04	30
4	RP	0	0	2000	01	04	04	45
4	RP	0	0	2000	01	04	05	00
4	RP	0	0	2000	01	04	05	15
4	RP	0	0	2000	01	04	05	30
4	RP	0	0	2000	01	04	05	45
4	RP	0	0	2000	01	04	06	00
4	RP	0	0	2000	01	04	06	15
4	RP	0	0	2000	01	04	06	30
4	RP	0	0	2000	01	04	06	45
4	RP	0	0	2000	01	04	07	00
4	RP	0	0	2000	01	04	07	15
4	RP	0	0	2000	01	04	07	30
4	RP	0	0	2000	01	04	07	45
4	RP	0	0	2000	01	04	08	00
4	RP	0	0	2000	01	04	08	15
4	RP	0	0	2000	01	04	08	30
4	RP	0	0	2000	01	04	08	45
4	RP	0	0	2000	01	04	09	00
4	RP	0	0	2000	01	04	09	15
4	RP	0	0	2000	01	04	09	30
4	RP	0	0	2000	01	04	09	45
4	RP	0	0	2000	01	04	10	00
4	RP	0	0	2000	01	04	10	15
4	RP	0	0	2000	01	04	10	30
4	RP	0	0	2000	01	04	10	45
4	RP	0	0	2000	01	04	11	00
4	RP	0	0	2000	01	04	11	15
4	RP	0	0	2000	01	04	11	30
4	RP	0	0	2000	01	04	11	45
4	RP	0	0	2000	01	04	12	00
4	RP	0	0	2000	01	04	12	15
4	RP	0	0	2000	01	04	12	30
4	RP	0	0	2000	01	04	12	45
4	RP	1	1	2000	01	04	13	00
5	RP	0	0	2000	01	03	13	15
5	RP	0	0	2000	01	03	13	20
5	RP	0	0	2000	01	03	13	25
5	RP	0	0	2000	01	03	13	30
5	RP	0	0	2000	01	03	13	35
5	RP	0	0	2000	01	03	13	40
5	RP	0	0	2000	01	03	13	45
5	RP	0	0	2000	01	03	13	50
5	RP	0	0	2000	01	03	13	55
5	RP	0	0	2000	01	03	14	00
5	RP	0	0	2000	01	03	14	05
5	RP	0	0	2000	01	03	14	10
5	RP	0	0	2000	01	03	14	15
5	RP	0	0	2000	01	03	14	20
5	RP	0	0	2000	01	03	14	25
5	RP	0	0	2000	01	03	14	30
5	RP	0	0	2000	01	03	14	35
5	RP	0	0	2000	01	03	14	40
5	RP	0	0	2000	01	03	14	45
5	RP	0	0	2000	01	03	14	50
5	RP	0	0	2000	01	03	14	55
5	RP	0	0	2000	01	03	15	00
5	RP	0	0	2000	01	03	15	05
5	RP	0	0	2000	01	03	15	10
5	RP	0	0	2000	01	03	15	15
5	RP	0	0	2000	01	03	15	20
5	RP	0	0	2000	01	03	15	25
5	RP	0	0	2000	01	03	15	30
5	RP	0	0	2000	01	03	15	35
5	RP	0	0	2000	01	03	15	40
5	RP	0	0	2000	01	03	15	45
5	RP	0	0	2000	01	03	15	50
5	RP	0	0	2000	01	03	15	55
5	RP	0	0	2000	01	03	16	00
5	RP	0	0	2000	01	03	16	05
5	RP	0	0	2000	01	03	16	10
5	RP	0	0	2000	01	03	16	15
5	RP	0	0	2000	01	03	16	20
5	RP	0	0	2000	01	03	16	25
5	RP	0	0	2000	01	03	16	30
5	RP	0	0	2000	01	03	16	35
5	RP	0	0	2000	01	03	16	40
5	RP	0	0	2000	01	03	16	45
5	RP	0	0	2000	01	03	16	50
5	RP	0	0	2000	01	03	16	55
5	RP	0	0	2000	01	03	17	00
5	RP	0	0	2000	01	03	17	05
5	RP	0	0	2000	01	03	17	10
5	RP	0	0	2000	01	03	17	15
5	RP	0	0	2000	01	03	17	20
5	RP	0	0	2000	01	03	17	25
5	RP	0	0	2000	01	03	17	30
5	RP	0	0	2000	01	03	17	35
5	RP	0	0	2000	01	03	17	40
5	RP	0	0	2000	01	03	17	45
5	RP	0	0	2000	01	03	17	50
5	RP	0	0	2000	01	03	17	55
5	RP	0	0	2000	01	03	18	00
5	RP	0	0	2000	01	03	18	05
5	RP	0	0	2000	01	03	18	10
5	RP	0	0	2000	01	03	18	15
5	RP	0	0	2000	01	03	18	20
5	RP	0	0	2000	01	03	18	25
5	RP	0	0	2000	01	03	18	30
5	RP	0	0	2000	01	03	18	35
5	RP	0	0	2000	01	03	18	40
5	RP	0	0	2000	01	03	18	45
5	RP	0	0	2000	01	03	18	50
5	RP	0	0	2000	01	03	18	55
5	RP	0	0	2000	01	03	19	00
5	RP	0	0	2000	01	03	19	05
5	RP	0	0	2000	01	03	19	10
5	RP	0	0	2000	01	03	19	15
5	RP	0	0	2000	01	03	19	20
5	RP	0	0	2000	01	03	19	25
5	RP	0	0	2000	01	03	19	30
5	RP	0	0	2000	01	03	19	35
5	RP	0	0	2000	01	03	19	40
5	RP	0	0	2000	01	03	19	45
5	RP	0	0	2000	01	03	19	50
5	RP	0	0	2000	01	03	19	55
5	RP	0	0	2000	01	03	20	00
5	RP	0	0	2000	01	03	20	05
5	RP	0	0	2000	01	03	20	10
5	RP	0	0	2000	01	03	20	15
5	RP	0	0	2000	01	03	20	20
5	RP	0	0	2000	01	03	20	25
5	RP	0	0	2000	01	03	20	30
5	RP	0	0	2000	01	03	20	35
5	RP	0	0	2000	01	03	20	40
5	RP	0	0	2000	01	03	20	45
5	RP	0	0	2000	01	03	20	50
5	RP	0	0	2000	01	03	20	55
5	RP	0	0	2000	01	03	21	00
5	RP	0	0	2000	01	03	21	05
5	RP	0	0	2000	01	03	21	10
5	RP	0	0	2000	01	03	21	15
5	RP	0	0	2000	01	03	21	20
5	RP	0	0	2000	01	03	21	25
5	RP	0	0	2000	01	03	21	30
5	RP	0	0	2000	01	03	21	35
5	RP	0	0	2000	01	03	21	40
5	RP	0	0	2000	01	03	21	45
5	RP	0	0	2000	01	03	21	50
5	RP	0	0	2000	01	03	21	55
5	RP	0	0	2000	01	03	22	00
5	RP	0	0	2000	01	03	22	05
5	RP	0	0	2000	01	03	22	10
5	RP	0	0	2000	01	03	22	15
5	RP	0	0	2000	01	03	22	20
5	RP	0	0	2000	01	03	22	25
5	RP	0	0	2000	01	03	22	30
5	RP	0	0	2000	01	03	22	35
5	RP	0	0	2000	01	03	22	40
5	RP	0	0	2000	01	03	22	45
5	RP	0	0	2000	01	03	22	50
5	RP	0	0	2000	01	03	22	55
5	RP	0	0	2000	01	03	23	00
5	RP	0	0	2000	01	03	23	05
5	RP	0	0	2000	01	03	23	10
5	RP	0	0	2000	01	03	23	15
5	RP	0	0	2000	01	03	23	20
5	RP	0	0	2000	01	03	23	25
5	RP	0	0	2000	01	03	23	30
5	RP	0	0	2000	01	03	23	35
5	RP	0	0	2000	01	03	23	40
5	RP	0	0	2000	01	03	23	45
5	RP	0	0	2000	01	03	23	50
5	RP	0	0	2000	01	03	23	55
5	RP	0	0	2000	01	04	00	00
5	RP	0	0	2000	01	04	00	05
5	RP	0	0	2000	01	04	00	10
5	RP	0	0	2000	01	04	00	15
5	RP	0	0	2000	01	04	00	20
5	RP	0	0	2000	01	04	00	25
5	RP	0	0	2000	01	04	00	30
5	RP	0	0	2000	01	04	00	35
5	RP	0	0	2000	01	04	00	40
5	RP	0	0	2000	01	04	00	45
5	RP	0	0	2000	01	04	00	50
5	RP	0	0	2000	01	04	00	55
5	RP	0	0	2000	01	04	01	00
5	RP	0	0	2000	01	04	01	05
5	RP	0	0	2000	01	04	01	10
5	RP	0	0	2000	01	04	01	15
5	RP	0	0	2000	01	04	01	20
5	RP	0	0	2000	01	04	01	25
5	RP	0	0	2000	01	04	01	30
5	RP	0	0	2000	01	04	01	35
5	RP	0	0	2000	01	04	01	40
5	RP	0	0	2000	01	04	01	45
5	RP	0	0	2000	01	04	01	50
5	RP	0	0	2000	01	04	01	55
5	RP	0	0	2000	01	04	02	00
5	RP	0	0	2000	01	04	02	05
5	RP	0	0	2000	01	04	02	10
5	RP	0	0	2000	01	04	02	15
5	RP	0	0	2000	01	04	02	20
5	RP	0	0	2000	01	04	02	25
5	RP	0	0	2000	01	04	02	30
5	RP	0	0	2000	01	04	02	35
5	RP	0	0	2000	01	04	02	40
5	RP	0	0	2000	01	04	02	45
5	RP	0	0	2000	01	04	02	50
5	RP	0	0	2000	01	04	02	55
5	RP	0	0	2000	01	04	03	00
5	RP	0	0	2000	01	04	03	05
5	RP	0	0	2000	01	04	03	10
5	RP	0	0	2000	01	04	03	15
5	RP	0	0	2000	01	04	03	20
5	RP	0	0	2000	01	04	03	25
5	RP	0	0	2000	01	04	03	30
5	RP	0	0	2000	01	04	03	35
5	RP	0	0	2000	01	04	03	40
5	RP	0	0	2000	01	04	03	45
5	RP	0	0	2000	01	04	03	50
5	RP	0	0	2000	01	04	03	55
5	RP	0	0	2000	01	04	04	00
5	RP	0	0	2000	01	04	04	05
5	RP	0	0	2000	01	04	04	10
5	RP	0	0	2000	01	04	04	15
5	RP	0	0	2000	01	04	04	20
5	RP	0	0	2000	01	04	04	25
5	RP	0	0	2000	01	04	04	30
5	RP	0	0	2000	01	04	04	35
5	RP	0	0	2000	01	04	04	40
5	RP	0	0	2000	01	04	04	45
5	RP	0	0	2000	01	04	04	50
5	RP	0	0	2000	01	04	04	55
5	RP	0	0	2000	01	04	05	00
5	RP	0	0	2000	01	04	05	05
5	RP	0	0	2000	01	04	05	10
5	RP	0	0	2000	01	04	05	15
5	RP	0	0	2000	01	04	05	20
5	RP	0	0	2000	01	04	05	25
5	RP	0	0	2000	01	04	05	30
5	RP	0	0	2000	01	04	05	35
5	RP	0	0	2000	01	04	05	40
5	RP	0	0	2000	01	04	05	45
5	RP	0	0	2000	01	04	05	50
5	RP	0	0	2000	01	04	05	55
5	RP	0	0	2000	01	04	06	00
5	RP	0	0	2000	01	04	06	05
5	RP	0	0	2000	01	04	06	10
5	RP	0	0	2000	01	04	06	15
5	RP	0	0	2000	01	04	06	20
5	RP	0	0	2000	01	04	06	25
5	RP	0	0	2000	01	04	06	30
5	RP	0	0	2000	01	04	06	35
5	RP	0	0	2000	01	04	06	40
5	RP	0	0	2000	01	04	06	45
5	RP	0	0	2000	01	04	06	50
5	RP	0	0	2000	01	04	06	55
5	RP	0	0	2000	01	04	07	00
5	RP	0	0	2000	01	04	07	05
5	RP	0	0	2000	01	04	07	10
5	RP	0	0	2000	01	04	07	15
5	RP	0	0	2000	01	04	07	20
5	RP	0	0	2000	01	04	07	25
5	RP	0	0	2000	01	04	07	30
5	RP	0	0	2000	01	04	07	35
5	RP	0	0	2000	01	04	07	40
5	RP	0	0	2000	01	04	07	45
5	RP	0	0	2000	01	04	07	50
5	RP	0	0	2000	01	04	07	55
5	RP	0	0	2000	01	04	08	00
5	RP	0	0	2000	01	04	08	05
5	RP	0	0	2000	01	04	08	10
5	RP	0	0	2000	01	04	08	15
5	RP	0	0	2000	01	04	08	20
5	RP	0	0	2000	01	04	08	25
5	RP	0	0	2000	01	04	08	30
5	RP	0	0	2000	01	04	08	35
5	RP	0	0	2000	01	04	08	40
5	RP	0	0	2000	01	04	08	45
5	RP	0	0	2000	01	04	08	50
5	RP	0	0	2000	01	04	08	55
5	RP	0	0	2000	01	04	09	00
5	RP	0	0	2000	01	04	09	05
5	RP	0	0	2000	01	04	09	10
5	RP	0	0	2000	01	04	09	15
5	RP	0	0	2000	01	04	09	20
5	RP	0	0	2000	01	04	09	25
5	RP	0	0	2000	01	04	09	30
5	RP	0	0	2000	01	04	09	35
5	RP	0	0	2000	01	04	09	40
5	RP	0	0	2000	01	04	09	45
5	RP	0	0	2000	01	04	09	50
5	RP	0	0	2000	01	04	09	55
5	RP	0	0	2000	01	04	10	00
5	RP	0	0	2000	01	04	10	05
5	RP	0	0	2000	01	04	10	10
5	RP	0	0	2000	01	04	10	15
5	RP	0	0	2000	01	04	10	20
5	RP	0	0	2000	01	04	10	25
5	RP	0	0	2000	01	04	10	30
5	RP	0	0	2000	01	04	10	35
5	RP	0	0	2000	01	04	10	40
5	RP	0	0	2000	01	04	10	45
5	RP	0	0	2000	01	04	10	50
5	RP	0	0	2000	01	04	10	55
5	RP	0	0	2000	01	04	11	00
5	RP	0	0	2000	01	04	11	05
5	RP	0	0	2000	01	04	11	10
5	RP	0	0	2000	01	04	11	15
5	RP	0	0	2000	01	04	11	20
5	RP	0	0	2000	01	04	11	25
5	RP	0	0	2000	01	04	11	30
5	RP	0	0	2000	01	04	11	35
5	RP	0	0	2000	01	04	11	40
5	RP	0	0	2000	01	04	11	45
5	RP	0	0	2000	01	04	11	50
5	RP	0	0	2000	01	04	11	55
5	RP	0	0	2000	01	04	12	00
5	RP	0	0	2000	01	04	12	05
5	RP	0	0	2000	01	04	12	10
5	RP	0	0	2000	01	04	12	15
5	RP	0	0	2000	01	04	12	20
5	RP	0	0	2000	01	04	12	25
5	RP	0	0	2000	01	04	12	30
5	RP	0	0	2000	01	04	12	35
5	RP	0	0	2000	01	04	12	40
5	RP	0	0	2000	01	04	12	45
5	RP	0	0	2000	01	04	12	50
5	RP	0	0	2000	01	04	12	55
5	RP	0	0	2000	01	04	13	00
5	RP	0	0	2000	01	04	13	05
5	RP	1	1	2000	01	04	13	10
o	f	0B	b
o	lRb	1	43	93.478	.uk (United Kingdom)
o	lRb	1	3	6.522	[unresolved numerical addresses]
Z	f	-20R	r
Z	lRb	1	43	93.478	cam.ac.uk
Z	lRb	1	3	6.522	[unresolved numerical addresses]
S	f	-20R	a
S	Rb	3	6.522	212.240.10.1
S	Rb	43	93.478	statslab.cam.ac.uk
f	f	-20R	r
f	lR	1	32	http://google.com/search
f	lR	2	32	http://google.com/search?q=sample search
f	lR	1	14	http://referrer.com/
s	f	-20R	r
s	lR	1	32	http://google.com/
s	lR	1	14	http://referrer.com/
N	f	-20R	r
N	R	32	sample search
n	f	-20R	r
n	R	32	search
n	R	32	sample
B	f	-20R	r
B	R	24	Mozilla/4.0 (compatible; MSIE 4.01; Windows 98)
B	R	22	Mozilla/4.0 [en] (X11; I; Linux)
b	f	-20R	r
b	lR	1	24	MSIE
b	lR	1	22	Netscape
p	f	-20R	r
p	lNR	1	1	24	Windows
p	lNR	2		24	Windows 98
p	lNR	1	2	22	Unix
p	lNR	2		22	Linux
c	f	-20R	a
c	R	46	200 OK
z	Rb	0	0.000	0
z	Rb	0	0.000	1b-  10b
z	Rb	0	0.000	11b- 100b
z	Rb	0	0.000	101b-  1kb
z	Rb	46	100.000	1kb- 10kb
t	f	-20B	b
t	lRb	1	46	100.000	.html [Hypertext Markup Language]
i	f	-20B	b
i	lRb	1	46	100.000	[root directory]
r	f	-20R	r
r	lRbD	1	25	54.348	2000	01	04	13	11	/sample.html
r	lRbD	1	21	45.652	2000	01	03	12	11	/sample2.html
